[it-bg01.jpg]
filters=fill=1,0.392523;finetune2=1,0.175439,0.210526,0.064561,00000000,0.000000;
moddate=372b5edb7f18d201
width=1435
height=666
textactive=0
